296.43 296.33 296.8 296.76 296.95 297.2 297.36 297.12 296.85 296.6 297.0 
296.31 296.56 296.64 297.12 297.05 297.5 297.62 297.6 297.3 297.08 296.83 
296.34 296.72 296.8 297.06 297.22 297.42 297.54 297.5 297.25 297.11 297.06 
296.56 296.75 297.1 297.28 297.12 295.0 297.53 297.53 295.0 297.3 295.0 
296.83 296.8 296.95 297.1 296.9 297.43 297.64 297.68 297.57 297.4 297.52 
296.78 296.84 296.99 295.0 297.2 297.3 297.4 297.5 297.6 297.45 297.55 
297.65 296.9 296.6 295.0 296.76 296.9 297.05 297.2 297.04 296.9 297.07 
297.95 297.7 297.3 297.17 297.2 297.2 297.06 296.92 296.82 296.72 296.85 
297.5 297.6 297.24 297.15 297.0 296.84 296.74 296.64 296.44 297.39 296.65 
297.32 297.21 296.88 296.88 296.9 296.7 296.5 296.3 296.1 296.5 296.45 
297.12 296.89 296.77 296.77 296.67 296.77 296.77 296.75 296.4 296.8 296.25 
