296.43 296.33 296.8 296.76 296.95 297.2 297.36 297.12 296.85 296.6 297.0 
296.31 296.56 296.64 297.12 297.05 297.5 297.62 297.6 297.3 297.08 296.83 
296.34 296.72 296.8 297.06 297.22 297.42 297.54 297.5 297.25 297.11 297.06 
296.56 296.75 297.1 297.28 297.12 293.5 297.53 297.53 293.5 297.3 293.5 
296.83 296.8 296.95 297.1 296.9 297.43 297.64 297.68 297.57 297.4 297.52 
296.78 296.84 296.99 293.5 297.2 297.3 297.4 297.5 297.6 297.45 297.55 
293.5 296.9 296.6 293.5 296.76 296.9 297.05 297.2 297.2 297.28 297.46 
297.95 297.7 297.3 297.17 297.2 297.2 297.06 297.15 297.2 297.26 297.4 
297.5 297.6 297.24 297.15 297.0 296.9 297.12 297.21 297.3 297.39 297.3 
297.32 297.21 296.89 296.88 296.95 296.85 296.9 297.12 297.21 297.1 297.1 
297.12 296.89 296.77 296.77 296.77 296.8 297.0 297.0 297.0 297.0 297.0 
