297.55 297.56 297.48 297.5 297.47 297.52 297.23 297.43 297.25 297.23 297.15 
297.8 297.87 297.76 297.68 297.48 297.62 297.62 297.62 297.5 297.3 297.21 
298.05 297.98 298.0 297.94 297.65 297.8 297.65 297.58 297.5 297.37 297.28 
298.3 298.15 298.05 298.0 297.94 293.5 297.3 297.3 293.5 297.41 293.5 
298.43 298.1 298.0 298.12 297.8 298.25 298.2 298.1 297.9 297.42 297.52 
298.35 298.25 298.15 293.5 297.95 297.85 297.75 297.65 297.55 297.45 297.68 
293.5 297.38 297.27 297.18 297.72 297.63 297.53 297.1 297.0 296.9 297.0 
297.82 297.5 297.6 297.39 297.2 296.95 296.8 296.71 296.62 296.53 296.66 
297.6 297.5 297.2 296.9 296.75 296.7 296.61 296.52 296.43 296.34 296.55 
297.55 297.38 296.95 296.65 296.67 295.97 295.35 294.81 295.2 295.52 296.2 
297.2 296.6 296.3 296.3 296.24 296.1 295.5 294.6 295.2 296.1 296.0 
