297.2 295.9 296.89 297.13 297.41 297.67 297.59 296.97 296.39 295.25 296.21 
298.78 296.77 296.74 297.15 297.47 297.55 297.72 297.08 296.59 295.72 293.71 
296.8 296.56 296.48 296.87 297.15 297.42 297.79 297.43 296.84 295.63 294.68 
297.34 296.78 296.37 296.49 296.88 297.43 297.69 297.43 296.89 296.44 295.1 
297.52 296.86 296.49 296.6 296.92 297.39 297.56 297.5 297.25 296.49 295.39 
297.75 297.08 296.53 296.71 296.97 297.18 297.52 297.52 297.43 296.87 295.4 
297.84 297.32 296.76 296.33 296.96 297.14 297.62 297.58 297.54 297.34 295.88 
297.57 296.65 296.58 296.59 297.04 297.11 297.53 297.65 297.67 296.94 296.25 
297.34 296.65 296.72 296.94 297.06 297.14 297.42 297.53 297.45 296.82 296.16 
297.0 296.45 296.89 297.08 297.07 297.08 297.28 297.27 297.28 297.04 295.94 
296.91 296.55 296.83 296.96 296.95 296.97 297.33 297.53 296.95 296.97 295.92 
